transaction_hash,transaction_index,block_hash,block_number,cumulative_gas_used,gas_used,contract_address,root,status
0x90056e0b884e1ec63356dd768f90de51510ed98968752773178fa3632f298c93,0,0xfe9c6060c3fc8765debda2e3f0d6d6e616722b9326eaa1fc04e9e0e48ea0dff4,24611,218653,218653,,,1
0x10d0e6b3bce2988501490c31a2ba9a2e3b49c27ef8381480cebde87eb8402d96,1,0xfe9c6060c3fc8765debda2e3f0d6d6e616722b9326eaa1fc04e9e0e48ea0dff4,24611,1181454,962801,,,1
0xa21136900b40e90c8c9d3c539a2c5ee28e45fc5269b0b7143d71179cc9d58c53,2,0xfe9c6060c3fc8765debda2e3f0d6d6e616722b9326eaa1fc04e9e0e48ea0dff4,24611,1268806,87352,,,0
0xf4542aa9a7adecdbe3e909351d04096102a4894c872e43123ff07ab73f45dd26,3,0xfe9c6060c3fc8765debda2e3f0d6d6e616722b9326eaa1fc04e9e0e48ea0dff4,24611,1336402,67596,,,0
0x478df4c381dd08087be8e7db232c74fe62daf7b0566aba7d048b4126dd3c0b2e,4,0xfe9c6060c3fc8765debda2e3f0d6d6e616722b9326eaa1fc04e9e0e48ea0dff4,24611,1337918,1516,,,1
0x03524775ba7c196f6857d23a2df3881b76b6802213d19c734e93d6b34c6dcbfb,5,0xfe9c6060c3fc8765debda2e3f0d6d6e616722b9326eaa1fc04e9e0e48ea0dff4,24611,1385068,47150,,,1
0x6151dbf9d89b36f2f890643a8fdbb45ff652f2d1e27a233ed6dc474a1c08876e,0,0xa6f7e828adbcdddc7693bd1c597b3dae7f8dc6604c01038f7da9baa2bb536cf3,25747,218725,218725,,,1
0x836e02115b330f069d56c3a615829e2e0b27de7852a8a45f843119d2d01d4352,1,0xa6f7e828adbcdddc7693bd1c597b3dae7f8dc6604c01038f7da9baa2bb536cf3,25747,220241,1516,,,1
0x67f9edf463277cfd9b278d7b716b57f6a8cce4621d226fa6fab43f692486ef4c,2,0xa6f7e828adbcdddc7693bd1c597b3dae7f8dc6604c01038f7da9baa2bb536cf3,25747,252391,32150,,,1
0x0a0b138af2d0d95d6ebb3df08b7f96d5a534bfa7f113679e31a9cd632f3ee663,0,0x2b39d1823b506eeef5a832e0b6cfced5f9231923b389ff8045a455cbe812aab0,25748,146712,146712,,,1
0xcdd8d1fa87cac246cbccaeef7684dc09b6a31ee52ab93023e92b9047cdac9a71,1,0x2b39d1823b506eeef5a832e0b6cfced5f9231923b389ff8045a455cbe812aab0,25748,234100,87388,,,0
0x7aa1d6f2da577764f28dfb1f9fc0d7d7b5938bad14a2bdfa44f8c9762d75215e,2,0x2b39d1823b506eeef5a832e0b6cfced5f9231923b389ff8045a455cbe812aab0,25748,278892,44792,,,0
0xb78190948d3b59011172b27a668944016918d39c373be481f900368af364f4aa,3,0x2b39d1823b506eeef5a832e0b6cfced5f9231923b389ff8045a455cbe812aab0,25748,280408,1516,,,1
0xa3dc9b61bc31a64a4a8978ad92858416488587d6cfc473eed23dbf3b36e3ad33,4,0x2b39d1823b506eeef5a832e0b6cfced5f9231923b389ff8045a455cbe812aab0,25748,312558,32150,,,1
0xd5a899362954afb6146584be83f283eda8f483b6bc6c5d0c55c39fc01c8a464b,0,0xe028f732ab58b25ea662c35e791128353e345ea7a1c20eac4736e5a3f1a56c88,26472,21000,21000,,,1
0xdaafbfd89df18d059853b3b621de3e42ccc13f856972535f3040a3653baf6a98,1,0xe028f732ab58b25ea662c35e791128353e345ea7a1c20eac4736e5a3f1a56c88,26472,22516,1516,,,1
0xe0001af66159dc389e89856f69dc9774dcb3cd51e883f50304550c76fcb5e7b7,2,0xe028f732ab58b25ea662c35e791128353e345ea7a1c20eac4736e5a3f1a56c88,26472,54666,32150,,,1
